Gen: 0 AvgFitness: 2.125
---------------------
[-0.4688446   0.71231152  0.24301285 -0.46232218] (fitness 9.5 )
[ 0.07376776  0.55339863 -0.79393218 -0.24079029] (fitness 9.5 )
[-0.17681915  0.7058813  -0.56314097 -0.39158502] (fitness 8.0 )
[-0.20949734  0.65647586  0.17360782 -0.70356992] (fitness 7.5 )
[-0.385505    0.69915968  0.53551754 -0.2752864 ] (fitness 3.0 )
[-0.54407446 -0.55792456  0.15757317 -0.60652607] (fitness 2.5 )
[-0.63917054 -0.41828144 -0.49652816 -0.41226381] (fitness 1.0 )
[ 0.64223362  0.51145481 -0.54367612 -0.17425906] (fitness 1.0 )
[-0.25644336  0.31420967  0.38578135 -0.82866268] (fitness 0.5 )
[ 0.29313698 -0.08228962  0.29421937 -0.90594376] (fitness 0.0 )
[ 0.52894144 -0.44582682 -0.48768695  0.53256064] (fitness 0.0 )
[ 0.72097714 -0.44523061  0.04757442 -0.52886515] (fitness 0.0 )
[-0.47765345  0.12848079  0.39792699  0.77265385] (fitness 0.0 )
[-0.0473028   0.15368512 -0.58014963  0.79847964] (fitness 0.0 )
[-0.49181409 -0.24531634  0.62123781  0.55857173] (fitness 0.0 )
[ 0.58401768  0.65424405  0.38954539 -0.2813227 ] (fitness 0.0 )
[ 0.57087764  0.60381559 -0.05007178 -0.55407425] (fitness 0.0 )
[ 0.12898695  0.52691493  0.58217594 -0.60563537] (fitness 0.0 )
[-0.55936925  0.41845618 -0.42178763  0.57801009] (fitness 0.0 )
[ 0.1812317  -0.50010622  0.7424964   0.40712152] (fitness 0.0 )
---------------------
Gen: 1 AvgFitness: 2.85
---------------------
[-0.4688446   0.71231152  0.24301285 -0.46232218] (fitness 9.5 )
[ 0.07376776  0.55339863 -0.79393218 -0.24079029] (fitness 9.5 )
[-0.45416185  0.71755851  0.31692554 -0.42238015] (fitness 8.5 )
[-0.17681915  0.7058813  -0.56314097 -0.39158502] (fitness 8.0 )
[-0.20949734  0.65647586  0.17360782 -0.70356992] (fitness 7.5 )
[ 0.00631138  0.49560574 -0.82333384 -0.2765077 ] (fitness 3.5 )
[-0.385505    0.69915968  0.53551754 -0.2752864 ] (fitness 3.0 )
[-0.54407446 -0.55792456  0.15757317 -0.60652607] (fitness 2.5 )
[-0.63917054 -0.41828144 -0.49652816 -0.41226381] (fitness 2.5 )
[-0.63917054 -0.41828144 -0.49652816 -0.41226381] (fitness 1.0 )
[ 0.64223362  0.51145481 -0.54367612 -0.17425906] (fitness 1.0 )
[-0.25644336  0.31420967  0.38578135 -0.82866268] (fitness 0.5 )
[ 0.29313698 -0.08228962  0.29421937 -0.90594376] (fitness 0.0 )
[ 0.52894144 -0.44582682 -0.48768695  0.53256064] (fitness 0.0 )
[ 0.72097714 -0.44523061  0.04757442 -0.52886515] (fitness 0.0 )
[-0.47765345  0.12848079  0.39792699  0.77265385] (fitness 0.0 )
[-0.0473028   0.15368512 -0.58014963  0.79847964] (fitness 0.0 )
[0. 0. 0. 0.] (fitness 0.0 )
[-0.  0.  0.  0.] (fitness 0.0 )
[ 0.  0.  0. -0.] (fitness 0.0 )
---------------------
Gen: 2 AvgFitness: 4.425
---------------------
[-0.64115213 -0.21821167 -0.2536875  -0.69061586] (fitness 13.5 )
[-0.4688446   0.71231152  0.24301285 -0.46232218] (fitness 9.5 )
[ 0.07376776  0.55339863 -0.79393218 -0.24079029] (fitness 9.5 )
[-0.32199749  0.14076929 -0.84246815 -0.40834917] (fitness 9.0 )
[-0.45416185  0.71755851  0.31692554 -0.42238015] (fitness 8.5 )
[-0.17681915  0.7058813  -0.56314097 -0.39158502] (fitness 8.0 )
[-0.20949734  0.65647586  0.17360782 -0.70356992] (fitness 7.5 )
[-0.63194134 -0.52136702 -0.18102731 -0.54411   ] (fitness 7.0 )
[ 0.00631138  0.49560574 -0.82333384 -0.2765077 ] (fitness 3.5 )
[-0.385505    0.69915968  0.53551754 -0.2752864 ] (fitness 3.0 )
[-0.54407446 -0.55792456  0.15757317 -0.60652607] (fitness 2.5 )
[-0.63917054 -0.41828144 -0.49652816 -0.41226381] (fitness 2.5 )
[-0.63917054 -0.41828144 -0.49652816 -0.41226381] (fitness 1.0 )
[ 0.64223362  0.51145481 -0.54367612 -0.17425906] (fitness 1.0 )
[-0.63917054 -0.41828144 -0.49652816 -0.41226381] (fitness 1.0 )
[ 0.64223362  0.51145481 -0.54367612 -0.17425906] (fitness 1.0 )
[-0.25644336  0.31420967  0.38578135 -0.82866268] (fitness 0.5 )
[ 0.29313698 -0.08228962  0.29421937 -0.90594376] (fitness 0.0 )
[ 0.52894144 -0.44582682 -0.48768695  0.53256064] (fitness 0.0 )
[0. 0. 0. 0.] (fitness 0.0 )
---------------------
Mutation!
Gen: 3 AvgFitness: 6.45
---------------------
[-0.64115213 -0.21821167 -0.2536875  -0.69061586] (fitness 13.5 )
[-0.52924607  0.65970641  0.18829904 -0.49922893] (fitness 13.0 )
[-0.4688446   0.71231152  0.24301285 -0.46232218] (fitness 9.5 )
[ 0.07376776  0.55339863 -0.79393218 -0.24079029] (fitness 9.5 )
[-0.32199749  0.14076929 -0.84246815 -0.40834917] (fitness 9.0 )
[-0.64115213 -0.21821167 -0.2536875  -0.69061586] (fitness 9.0 )
[-0.45416185  0.71755851  0.31692554 -0.42238015] (fitness 8.5 )
[-0.17681915  0.7058813  -0.56314097 -0.39158502] (fitness 8.0 )
[-0.20949734  0.65647586  0.17360782 -0.70356992] (fitness 7.5 )
[-0.28974687  0.59056849  0.10559169 -0.74573857] (fitness 7.5 )
[-0.63194134 -0.52136702 -0.18102731 -0.54411   ] (fitness 7.0 )
[-0.08684869  0.40771063 -0.85032109 -0.32122173] (fitness 7.0 )
[-0.63730794 -0.51206723 -0.22201968 -0.53135017] (fitness 4.5 )
[ 0.00631138  0.49560574 -0.82333384 -0.2765077 ] (fitness 3.5 )
[-0.385505    0.69915968  0.53551754 -0.2752864 ] (fitness 3.0 )
[-0.54407446 -0.55792456  0.15757317 -0.60652607] (fitness 2.5 )
[-0.63917054 -0.41828144 -0.49652816 -0.41226381] (fitness 2.5 )
[-0.20949734  0.65647586  0.22864964 -0.70356992] (fitness 2.0 )
[-0.63917054 -0.41828144 -0.49652816 -0.41226381] (fitness 1.0 )
[ 0.64223362  0.51145481 -0.54367612 -0.17425906] (fitness 1.0 )
---------------------
Gen: 4 AvgFitness: 7.675
---------------------
[-0.64115213 -0.21821167 -0.2536875  -0.69061586] (fitness 13.5 )
[-0.45125396  0.68880979 -0.21118147 -0.52660548] (fitness 13.5 )
[-0.52924607  0.65970641  0.18829904 -0.49922893] (fitness 13.0 )
[-0.4688446   0.71231152  0.24301285 -0.46232218] (fitness 9.5 )
[ 0.07376776  0.55339863 -0.79393218 -0.24079029] (fitness 9.5 )
[-0.32199749  0.14076929 -0.84246815 -0.40834917] (fitness 9.0 )
[-0.64115213 -0.21821167 -0.2536875  -0.69061586] (fitness 9.0 )
[-0.45416185  0.71755851  0.31692554 -0.42238015] (fitness 8.5 )
[-0.17681915  0.7058813  -0.56314097 -0.39158502] (fitness 8.0 )
[-0.20949734  0.65647586  0.17360782 -0.70356992] (fitness 7.5 )
[-0.28974687  0.59056849  0.10559169 -0.74573857] (fitness 7.5 )
[-0.63194134 -0.52136702 -0.18102731 -0.54411   ] (fitness 7.0 )
[-0.08684869  0.40771063 -0.85032109 -0.32122173] (fitness 7.0 )
[-0.20906318  0.65511538  0.18481177 -0.70211184] (fitness 6.0 )
[ 0.00566681  0.4950298  -0.82357484 -0.27683546] (fitness 5.0 )
[-0.43941765  0.71793196  0.37666363 -0.38679496] (fitness 5.0 )
[-0.63730794 -0.51206723 -0.22201968 -0.53135017] (fitness 4.5 )
[ 0.00631138  0.49560574 -0.82333384 -0.2765077 ] (fitness 3.5 )
[ 0.13012371  0.55892387 -0.78344228 -0.23851652] (fitness 3.5 )
[-0.35020174  0.42156314  0.20261169 -0.81153667] (fitness 3.5 )
---------------------
Gen: 5 AvgFitness: 8.95
---------------------
[-0.54469275 -0.02172647 -0.489409   -0.68067363] (fitness 17.0 )
[-0.64115213 -0.21821167 -0.2536875  -0.69061586] (fitness 13.5 )
[-0.45125396  0.68880979 -0.21118147 -0.52660548] (fitness 13.5 )
[-0.52924607  0.65970641  0.18829904 -0.49922893] (fitness 13.0 )
[-0.66493749  0.40527514  0.11892498 -0.61600896] (fitness 12.0 )
[-0.4688446   0.71231152  0.24301285 -0.46232218] (fitness 9.5 )
[ 0.07376776  0.55339863 -0.79393218 -0.24079029] (fitness 9.5 )
[-0.32199749  0.14076929 -0.84246815 -0.40834917] (fitness 9.0 )
[-0.64115213 -0.21821167 -0.2536875  -0.69061586] (fitness 9.0 )
[-0.45416185  0.71755851  0.31692554 -0.42238015] (fitness 8.5 )
[-0.17681915  0.7058813  -0.56314097 -0.39158502] (fitness 8.0 )
[-0.20949734  0.65647586  0.17360782 -0.70356992] (fitness 7.5 )
[-0.28974687  0.59056849  0.10559169 -0.74573857] (fitness 7.5 )
[-0.63194134 -0.52136702 -0.18102731 -0.54411   ] (fitness 7.0 )
[-0.08684869  0.40771063 -0.85032109 -0.32122173] (fitness 7.0 )
[-0.20906318  0.65511538  0.18481177 -0.70211184] (fitness 6.0 )
[-0.66429846  0.42740712  0.09873067 -0.60521315] (fitness 6.0 )
[-0.23613378  0.24645116 -0.85916986 -0.38122148] (fitness 6.0 )
[ 0.00593222  0.495267   -0.82347569 -0.27670053] (fitness 5.0 )
[-0.52908533 -0.22577715 -0.53456302 -0.61914115] (fitness 4.5 )
---------------------
Gen: 6 AvgFitness: 10.425
---------------------
[-0.54469275 -0.02172647 -0.489409   -0.68067363] (fitness 17.0 )
[-0.35230789  0.68431814 -0.4049635  -0.49355081] (fitness 15.5 )
[-0.64115213 -0.21821167 -0.2536875  -0.69061586] (fitness 13.5 )
[-0.45125396  0.68880979 -0.21118147 -0.52660548] (fitness 13.5 )
[-0.52924607  0.65970641  0.18829904 -0.49922893] (fitness 13.0 )
[-0.34088536  0.42669534 -0.53142541 -0.64754559] (fitness 13.0 )
[-0.66493749  0.40527514  0.11892498 -0.61600896] (fitness 12.0 )
[-0.74414961 -0.0960233  -0.05971397 -0.65837308] (fitness 11.5 )
[-0.35230789  0.68431814 -0.4049635  -0.49355081] (fitness 10.5 )
[-0.4688446   0.71231152  0.24301285 -0.46232218] (fitness 9.5 )
[ 0.07376776  0.55339863 -0.79393218 -0.24079029] (fitness 9.5 )
[-0.32199749  0.14076929 -0.84246815 -0.40834917] (fitness 9.0 )
[-0.64115213 -0.21821167 -0.2536875  -0.69061586] (fitness 9.0 )
[-0.45416185  0.71755851  0.31692554 -0.42238015] (fitness 8.5 )
[-0.17681915  0.7058813  -0.56314097 -0.39158502] (fitness 8.0 )
[-0.20949734  0.65647586  0.17360782 -0.70356992] (fitness 7.5 )
[-0.28974687  0.59056849  0.10559169 -0.74573857] (fitness 7.5 )
[-0.6084888  -0.41721742 -0.32843275 -0.5897482 ] (fitness 7.5 )
[-0.63194134 -0.52136702 -0.18102731 -0.54411   ] (fitness 7.0 )
[-0.64115213 -0.21821167 -0.2536875  -0.69061586] (fitness 6.0 )
---------------------
Gen: 7 AvgFitness: 10.775
---------------------
[-0.54469275 -0.02172647 -0.489409   -0.68067363] (fitness 17.0 )
[-0.35230789  0.68431814 -0.4049635  -0.49355081] (fitness 15.5 )
[-0.64115213 -0.21821167 -0.2536875  -0.69061586] (fitness 13.5 )
[-0.45125396  0.68880979 -0.21118147 -0.52660548] (fitness 13.5 )
[-0.52924607  0.65970641  0.18829904 -0.49922893] (fitness 13.0 )
[-0.34088536  0.42669534 -0.53142541 -0.64754559] (fitness 13.0 )
[-0.66493749  0.40527514  0.11892498 -0.61600896] (fitness 12.0 )
[-0.5519704   0.56946557 -0.13352126 -0.5943145 ] (fitness 12.0 )
[-0.74414961 -0.0960233  -0.05971397 -0.65837308] (fitness 11.5 )
[-0.50309924  0.26592849 -0.5269283  -0.63128422] (fitness 11.5 )
[-0.35230789  0.68431814 -0.4049635  -0.49355081] (fitness 10.5 )
[-0.4688446   0.71231152  0.24301285 -0.46232218] (fitness 9.5 )
[ 0.07376776  0.55339863 -0.79393218 -0.24079029] (fitness 9.5 )
[-0.32199749  0.14076929 -0.84246815 -0.40834917] (fitness 9.0 )
[-0.64115213 -0.21821167 -0.2536875  -0.69061586] (fitness 9.0 )
[-0.45416185  0.71755851  0.31692554 -0.42238015] (fitness 8.5 )
[-0.5887214   0.39907437 -0.29244562 -0.63923573] (fitness 8.5 )
[-0.06146206  0.71887665 -0.44063131 -0.53411873] (fitness 7.5 )
[-0.64882726  0.36293849 -0.15668161 -0.65019206] (fitness 5.5 )
[-0.54700065  0.11624683  0.0031815  -0.82901558] (fitness 5.5 )
---------------------
Gen: 8 AvgFitness: 11.8
---------------------
[-0.54469275 -0.02172647 -0.489409   -0.68067363] (fitness 17.0 )
[-0.35230789  0.68431814 -0.4049635  -0.49355081] (fitness 15.5 )
[-0.64115213 -0.21821167 -0.2536875  -0.69061586] (fitness 13.5 )
[-0.45125396  0.68880979 -0.21118147 -0.52660548] (fitness 13.5 )
[-0.52924607  0.65970641  0.18829904 -0.49922893] (fitness 13.0 )
[-0.34088536  0.42669534 -0.53142541 -0.64754559] (fitness 13.0 )
[-0.35230789  0.68431814 -0.4049635  -0.49355081] (fitness 13.0 )
[-0.66493749  0.40527514  0.11892498 -0.61600896] (fitness 12.0 )
[-0.5519704   0.56946557 -0.13352126 -0.5943145 ] (fitness 12.0 )
[-0.63871513  0.31986809  0.08397409 -0.69474869] (fitness 12.0 )
[-0.74414961 -0.0960233  -0.05971397 -0.65837308] (fitness 11.5 )
[-0.50309924  0.26592849 -0.5269283  -0.63128422] (fitness 11.5 )
[-0.31496678  0.64297136 -0.48629429 -0.5009008 ] (fitness 11.5 )
[-0.51183116  0.58540436 -0.24616923 -0.57855969] (fitness 11.5 )
[-0.35230789  0.68431814 -0.4049635  -0.49355081] (fitness 10.5 )
[-0.4688446   0.71231152  0.24301285 -0.46232218] (fitness 9.5 )
[ 0.07376776  0.55339863 -0.79393218 -0.24079029] (fitness 9.5 )
[-0.33387273  0.61212418 -0.34522149 -0.62821582] (fitness 9.5 )
[-0.32199749  0.14076929 -0.84246815 -0.40834917] (fitness 9.0 )
[-0.27027689  0.54323829 -0.62983092 -0.48492842] (fitness 7.5 )
---------------------
Mutation!
Mutation!
Gen: 9 AvgFitness: 12.2
---------------------
[-0.3250295   0.63195262 -0.42444755 -0.56110247] (fitness 22.5 )
[-0.54469275 -0.02172647 -0.489409   -0.68067363] (fitness 17.0 )
[-0.35230789  0.68431814 -0.4049635  -0.49355081] (fitness 15.5 )
[-0.64115213 -0.21821167 -0.2536875  -0.69061586] (fitness 13.5 )
[-0.45125396  0.68880979 -0.21118147 -0.52660548] (fitness 13.5 )
[-0.52924607  0.65970641  0.18829904 -0.49922893] (fitness 13.0 )
[-0.34088536  0.42669534 -0.53142541 -0.64754559] (fitness 13.0 )
[-0.35230789  0.68431814 -0.4049635  -0.49355081] (fitness 13.0 )
[-0.66493749  0.40527514  0.11892498 -0.61600896] (fitness 12.0 )
[-0.5519704   0.56946557 -0.13352126 -0.5943145 ] (fitness 12.0 )
[-0.63871513  0.31986809  0.08397409 -0.69474869] (fitness 12.0 )
[-0.74414961 -0.0960233  -0.05971397 -0.65837308] (fitness 11.5 )
[-0.50309924  0.26592849 -0.5269283  -0.63128422] (fitness 11.5 )
[-0.31496678  0.64297136 -0.48629429 -0.5009008 ] (fitness 11.5 )
[-0.51183116  0.58540436 -0.24616923 -0.57855969] (fitness 11.5 )
[-0.5887214   0.39907437 -0.29244562 -0.63923573] (fitness 11.0 )
[-0.34641656  0.65900371 -0.38349481 -0.67817168] (fitness 10.5 )
[-0.53446769  0.10623068 -0.42200614 -0.72454823] (fitness 9.0 )
[-0.66493749  0.40527514  0.11892498 -0.61600896] (fitness 9.0 )
[-0.26393225  0.43161949 -0.70602209 -0.29652898] (fitness 1.5 )
---------------------
Gen: 10 AvgFitness: 13.875
---------------------
[-0.3250295   0.63195262 -0.42444755 -0.56110247] (fitness 22.5 )
[-0.65810207  0.08964928 -0.30953766 -0.68047859] (fitness 18.0 )
[-0.54469275 -0.02172647 -0.489409   -0.68067363] (fitness 17.0 )
[-0.5187902   0.51630297 -0.21073432 -0.64798072] (fitness 17.0 )
[-0.39331358  0.51877424 -0.46870877 -0.59706767] (fitness 16.5 )
[-0.35230789  0.68431814 -0.4049635  -0.49355081] (fitness 15.5 )
[-0.34041903  0.65577578 -0.38552377 -0.55267028] (fitness 14.0 )
[-0.64115213 -0.21821167 -0.2536875  -0.69061586] (fitness 13.5 )
[-0.45125396  0.68880979 -0.21118147 -0.52660548] (fitness 13.5 )
[-0.52924607  0.65970641  0.18829904 -0.49922893] (fitness 13.0 )
[-0.34088536  0.42669534 -0.53142541 -0.64754559] (fitness 13.0 )
[-0.35230789  0.68431814 -0.4049635  -0.49355081] (fitness 13.0 )
[-0.66493749  0.40527514  0.11892498 -0.61600896] (fitness 12.0 )
[-0.5519704   0.56946557 -0.13352126 -0.5943145 ] (fitness 12.0 )
[-0.63871513  0.31986809  0.08397409 -0.69474869] (fitness 12.0 )
[-0.41846783  0.56473335 -0.38744859 -0.59652704] (fitness 12.0 )
[-0.74414961 -0.0960233  -0.05971397 -0.65837308] (fitness 11.5 )
[-0.50309924  0.26592849 -0.5269283  -0.63128422] (fitness 11.5 )
[-0.31496678  0.64297136 -0.48629429 -0.5009008 ] (fitness 11.5 )
[-0.31417893  0.62879317 -0.52009127 -0.48519669] (fitness 8.5 )
---------------------
Gen: 11 AvgFitness: 14.4
---------------------
[-0.3250295   0.63195262 -0.42444755 -0.56110247] (fitness 22.5 )
[-0.65810207  0.08964928 -0.30953766 -0.68047859] (fitness 18.0 )
[-0.54469275 -0.02172647 -0.489409   -0.68067363] (fitness 17.0 )
[-0.5187902   0.51630297 -0.21073432 -0.64798072] (fitness 17.0 )
[-0.39331358  0.51877424 -0.46870877 -0.59706767] (fitness 16.5 )
[-0.33321472  0.56079152 -0.46695618 -0.59701988] (fitness 16.5 )
[-0.45523671  0.70763133 -0.1412468  -0.52160021] (fitness 16.0 )
[-0.49334212  0.51326011 -0.37010827 -0.59682281] (fitness 16.0 )
[-0.35230789  0.68431814 -0.4049635  -0.49355081] (fitness 15.5 )
[-0.34041903  0.65577578 -0.38552377 -0.55267028] (fitness 14.0 )
[-0.64115213 -0.21821167 -0.2536875  -0.69061586] (fitness 13.5 )
[-0.45125396  0.68880979 -0.21118147 -0.52660548] (fitness 13.5 )
[-0.52924607  0.65970641  0.18829904 -0.49922893] (fitness 13.0 )
[-0.34088536  0.42669534 -0.53142541 -0.64754559] (fitness 13.0 )
[-0.35230789  0.68431814 -0.4049635  -0.49355081] (fitness 13.0 )
[-0.66493749  0.40527514  0.11892498 -0.61600896] (fitness 12.0 )
[-0.5519704   0.56946557 -0.13352126 -0.5943145 ] (fitness 12.0 )
[-0.46867609  0.58482511 -0.2489497  -0.61347075] (fitness 10.5 )
[-0.42885549  0.52108674 -0.47042756 -0.56855034] (fitness 10.5 )
[-0.6191934   0.26674261 -0.26349524 -0.6899407 ] (fitness 8.0 )
